1 159500 160500
2 62500 63500
2 169500 170500
2 197500 198500
2 237500 238500
2 389500 390500
2 407500 408500
3 38500 39500
3 74500 75500
3 108500 109500
3 131500 132500
3 166500 167500
3 272500 273500
4 407500 408500
4 435500 436500
4 462500 463500
4 483500 484500
4 504500 505500
4 554500 555500
4 913500 914500
4 1109500 1110500
4 1165500 1166500
5 58500 59500
5 93500 94500
5 145500 146500
5 173500 174500
5 212500 213500
5 316500 317500
5 353500 354500
5 406500 407500
6 118500 119500
6 167500 168500
6 198500 199500
7 484500 485500
7 777500 778500
7 834500 835500
7 887500 888500
8 132500 133500
8 296500 297500
9 214500 215500
9 245500 246500
9 356500 357500
9 411500 412500
10 336500 337500
10 374500 375500
10 416500 417500
10 539500 540500
10 612500 613500
10 683500 684500
11 388500 389500
11 416500 417500
11 447500 448500
12 139500 140500
12 230500 231500
12 372500 373500
12 412500 413500
12 512500 513500
12 602500 603500
12 659500 660500
12 744500 745500
13 136500 137500
13 183500 184500
13 262500 263500
13 286500 287500
13 814500 815500
14 351500 352500
14 560500 561500
14 609500 610500
15 226500 227500
15 277500 278500
15 336500 337500
15 436500 437500
15 463500 464500
15 1053500 1054500
16 511500 512500
16 563500 564500
16 818500 819500
